0
0
0
0
0
0
0
0
0
0
0
0
0
0
0
0
0
0
0
0
0
0
0
7
8
0
0
0
0
0
0
0
0
0
0
0
12
10
10
13
0
0
7
16
17
8
0
0
0
0
0
0
0
0
0
0
11
0
0
0
0
0
5
1
1
3
0
0
0
0
0
0
0
0
0
0
11
0
0
0
0
7
16
1
12
10
10
10
10
12
10
10
10
13
0
12
14
0
0
0
0
5
1
1
11
1
3
0
0
11
7
2
2
11
2
11
8
0
0
0
0
6
19
1
11
18
9
0
0
11
5
1
1
11
1
11
3
0
0
0
0
0
5
1
11
3
0
0
0
11
5
1
1
11
1
11
3
0
0
0
0
0
5
1
11
3
0
0
0
11
5
1
1
11
1
11
3
0
0
0
0
0
6
4
15
10
10
13
0
11
5
1
1
11
1
11
3
0
0
0
0
0
0
0
0
0
0
11
0
11
5
1
12
10
10
14
3
0
0
0
0
0
0
0
0
0
0
11
0
11
5
1
11
1
11
1
3
0
0
0
0
0
0
0
12
10
10
10
10
11
10
10
10
10
14
1
3
0
0
0
0
0
0
0
11
0
0
0
0
11
5
1
11
1
1
1
3
0
0
0
0
0
0
0
11
0
0
0
0
11
5
1
11
1
1
1
3
0
0
0
0
0
0
0
11
0
0
0
0
11
5
1
11
1
1
1
3
0
0
0
0
0
0
0
11
0
0
0
0
11
10
10
14
1
1
1
3
0
0
0
10
10
10
10
10
10
10
10
10
14
6
4
4
4
4
4
9
0
0
0
0
0
0
0
0
0
0
0
0
0
0
0
0
0
0
0
0
0
0
0
0
0
0
0
0
0
0
0
0
0
0
0
0
0
0
0
0
0
0
0
0
17
19
1
